How well can we get bbp from space? 
%Are there consistencies? 

%Can we explain biases as fn of environmental variables? (To point to improved parameterizations) 

%Do we get improved information content as fn of # of wavelengths? 

%Add noise to rrs - what happens to bbp?

%{What happens to parameters??}

%Consider how bbp retrievals vary as fn of rrs, model, parameters used


Good_pts =[ 28    30    31    32    33    63   141   143   151   153   158   164   168   169   181   227   286   308
   339   369   370   373   382   385   392 524         531         534
         537         542         546         550         588         591
         618         716         751         763         805         814
         823         904         914         929         936         943
         948         958         967         982         988         990
        1007        1026        1063        1070        1080        1087
        1099        1118        1126        1132        1139        1158
        1166        1175        1190        1197        1265        1273
        1277        1288        1298        1302 1419        1423        1431        1432
        1448        1461        1462        1463        1464        1465
        1471        1473        1478        1491        1497        1518
        1519        1527        1530        1532        1546        1550
        1558        1568        1570        1587        1597        1607
        1626        1646        1659        1663        1674        1695
        1698        1700        1710        1717        1728        1739
        1752        1769        1777        1778        1779        1810
        1828        1838        1839        1844        1852        1853
        1868        1876        1877        1878        1879        1883
        1889        1895        1900        1901        1906        1913
        1922        1923        1924        1927        1929        1933
        1948        1954        1964        1977        1979        1980
        1988        1996        2001        2002        2004        2007
        2012        2019        2037        2041        2045        2048
        2050        2060        2088        2090        2095        2098
        2101        2106        2122        2126        2127        2136
        2138        2140        2144        2147        2165        2167
        2174        2189        2191        2193        2209        2211
        2218        2221        2224        2227        2229        2231
        2232        2241        2247        2259        2261        2264
        2276        2282        2295        2298        2303        2307
        2311        2323        2329        2335        2344        2346
        2353        2356        2361        2362        2365        2369
        2370        2374        2378        2379        2380        2381
        2382        2383        2386        2387        2388        2392
        2393        2394        2397        2398        2400        2402
        2403        2406        2407        2411        2412        2414        2417
        2418        2422        2427        2430        2437        2440        2444
        2446        2449        2452        2456        2457        2458        2459
        2470        2471        2472        2481        2482        2483        2486
        2488        2489        2490        2500        2505        2512        2513
        2515        2516        2518        2525        2528        2529        2531
        2534        2538        2539        2540        2542        2547        2549
       2550        2553        2556        2557        2559        2560        2563
       2566        2567        2570        2573        2575        2576        2577
       2578        2579        2580        2581        2582        2583        2598
        2600        2608        2611        2615        2634        2635        2640
        2649        2658        2659        2676        2702        2710        2739
        2741        2743        2760        2767        2780        2797        2824
        2828        2848        2850        2854        2857        2868        2876
        2884        2897        2907        2909        2918        2923        2937
        2948        2949        2956        2961        2963        2970        2993
        2995        2998        3003        3017        3039        3047        3055
        3061        3076        3084        3101        3110        3123        3149
        3156        3159        3172        3181        3199        3200        3215
        3217        3225        3229        3231        3239        3248        3251
        3261        3264        3275        3276        3278        3284        3288
        3291        3292        3293        3296        3298        3305        3308
        3312        3327        3356        3361        3376        3378        3386
        3389        3390];
    
    
    
    
    
